00000000000000000000000000000000000000000000000000000000000000000000
00000000000000000000000000000000000000000000000000000000000000000000
00000000330000000033000000000000000000000000000000000000000000000000
00000000000000000000000000000000000000000000000000000000030301110000
00001110000001100000000000001100000000000000000000000000000001110000
00000000000001100000000000001100000000000000000000000000000000000000
00000000000000000000000000000000000000000000000000000000000000000000
00000000000000000000000000000000000000000000000000000000333300000000
00000000000033000000000000000033333333333300000000000000000000000000
00000000000000000000000000000000000000000000000000000000000000000000
00000000000000000000000000000000011001100000000000000000011000000000
00000000000000000000000000000000000000000000000000000000000000000000
00000000000000000000000000000000000000000000000000000000000000000000
00000000000000000000000000000000000000000000000000000000000000000000
00000000000000000000000000000000000000000000000000000000000000000000