00000000000000000000000000000000000000000000000000000000000000000000
00000000000000000000000000000000000000000000000000000000000000000000
00000000000000000000000000000000000000000000000000000000000000000000
00000000000000000000000000000000000000000000000000000000000000000000
00000000000000000000000000000000000000000000000000000000000000000000
00000000001100000000000000000000000100000000000000000000000000000000
00000000001100000000000000000000000100000000000000000000000000011100
00000000000000000000000011000000000000000000000000000000000000011100
00000000002200000000000011000000000200000000000000000000000000011100
00000000000000020020000000000000000000000000000000000002002000000000
00000000000000111111000000000000000000000000000000000200000000000000
00000000000000000000000000000000000000000000000000000000000000000000
00000000000000000000000000000000000000000000000000000000000000000000
00000000000000000000000000000000000000000000000000000000000000000000
00000000000000000000000000000000000000000000000000000000000000000000